xof 0303txt 0032

template XSkinMeshHeader {
  <3cf169ce-ff7c-44ab-93c0-f78f62d172e2>
  WORD nMaxSkinWeightsPerVertex;
  WORD nMaxSkinWeightsPerFace;
  WORD nBones;
}

template SkinWeights {
  <6f0d123b-bad2-4167-a0d0-80224f25fabb>
  STRING transformNodeName;
  DWORD nWeights;
  array DWORD vertexIndices[nWeights];
  array float weights[nWeights];
  Matrix4x4 matrixOffset;
}

Frame Root {
  FrameTransformMatrix {
     1.000000, 0.000000, 0.000000, 0.000000,
     0.000000,-0.000000, 1.000000, 0.000000,
     0.000000, 1.000000, 0.000000, 0.000000,
     0.000000, 0.000000, 0.000000, 1.000000;;
  }
  Frame Armature {
    FrameTransformMatrix {
       3.566829, 0.000000, 0.000000, 0.000000,
       0.000000, 3.566829, 0.000000, 0.000000,
       0.000000, 0.000000, 3.566829, 0.000000,
       0.000000, 3.233421, 8.787295, 1.000000;;
    }
    Frame Armature_pelvis {
      FrameTransformMatrix {
         1.000000,-0.000016, 0.000013, 0.000000,
        -0.000000, 0.652338, 0.757928, 0.000000,
        -0.000021,-0.757928, 0.652338, 0.000000,
        -0.000000,-0.458574,-0.518574, 1.000000;;
      }
      Frame Armature_Leg_Hind_Upper_L {
        FrameTransformMatrix {
          -0.978285,-0.174632,-0.111629, 0.000000,
           0.207243,-0.816943,-0.538195, 0.000000,
           0.002792,-0.549643, 0.835395, 0.000000,
           0.000000, 0.694732,-0.000000, 1.000000;;
        }
        Frame Armature_Leg_Hind_Mid_L {
          FrameTransformMatrix {
            -0.978283, 0.207254, 0.002775, 0.000000,
             0.087550, 0.425314,-0.900801, 0.000000,
            -0.187875,-0.880996,-0.434222, 0.000000,
            -0.000000, 1.151378, 0.000000, 1.000000;;
          }
          Frame Armature_Leg_Hind_Lower_L {
            FrameTransformMatrix {
              -1.000000,-0.000001,-0.000000, 0.000000,
              -0.000000, 0.405579,-0.914060, 0.000000,
               0.000001,-0.914060,-0.405579, 0.000000,
              -0.000000, 0.732128,-0.000000, 1.000000;;
            }
            Frame Armature_Foot_Hind_L {
              FrameTransformMatrix {
                 1.000000, 0.000001,-0.000001, 0.000000,
                 0.000000, 0.493848, 0.869548, 0.000000,
                 0.000002,-0.869548, 0.493848, 0.000000,
                -0.000000, 0.902092,-0.000000, 1.000000;;
              }
            } // End of Armature_Foot_Hind_L
          } // End of Armature_Leg_Hind_Lower_L
        } // End of Armature_Leg_Hind_Mid_L
      } // End of Armature_Leg_Hind_Upper_L
      Frame Armature_Leg_Hind_Upper_R {
        FrameTransformMatrix {
          -0.979520, 0.173407, 0.102324, 0.000000,
          -0.201110,-0.818015,-0.538893, 0.000000,
          -0.009745,-0.548435, 0.836136, 0.000000,
           0.000000, 0.694732,-0.000000, 1.000000;;
        }
        Frame Armature_Leg_Hind_Mid_R {
          FrameTransformMatrix {
            -0.979522,-0.201099,-0.009762, 0.000000,
            -0.078450, 0.425872,-0.901376, 0.000000,
             0.185423,-0.882152,-0.432927, 0.000000,
            -0.000000, 1.149869,-0.000000, 1.000000;;
          }
          Frame Armature_Leg_Hind_Lower_R {
            FrameTransformMatrix {
              -1.000000,-0.000002,-0.000000, 0.000000,
              -0.000000, 0.405579,-0.914060, 0.000000,
               0.000002,-0.914060,-0.405579, 0.000000,
              -0.000000, 0.732127, 0.000000, 1.000000;;
            }
            Frame Armature_Foot_Hind_R {
              FrameTransformMatrix {
                 1.000000, 0.000002,-0.000003, 0.000000,
                 0.000002, 0.493848, 0.869548, 0.000000,
                 0.000003,-0.869548, 0.493848, 0.000000,
                 0.000000, 0.902092, 0.000000, 1.000000;;
              }
            } // End of Armature_Foot_Hind_R
          } // End of Armature_Leg_Hind_Lower_R
        } // End of Armature_Leg_Hind_Mid_R
      } // End of Armature_Leg_Hind_Upper_R
      Frame Armature_spine1 {
        FrameTransformMatrix {
           1.000000,-0.000018,-0.000031, 0.000000,
           0.000018,-0.517550, 0.855653, 0.000000,
          -0.000031,-0.855653,-0.517551, 0.000000,
           0.000000, 0.694732,-0.000000, 1.000000;;
        }
        Frame Armature_spine2 {
          FrameTransformMatrix {
             1.000000,-0.000001,-0.000009, 0.000000,
             0.000001, 0.998245, 0.059220, 0.000000,
             0.000009,-0.059220, 0.998245, 0.000000,
             0.000000, 0.655171, 0.000000, 1.000000;;
          }
          Frame Armature_Front_Leg_Upper_L {
            FrameTransformMatrix {
              -0.948645,-0.003099, 0.316328, 0.000000,
               0.316344,-0.009294, 0.948599, 0.000000,
              -0.000000, 0.999952, 0.009797, 0.000000,
              -0.000000, 0.728521, 0.000000, 1.000000;;
            }
            Frame Armature_Front_Leg_Mid1_L {
              FrameTransformMatrix {
                -0.982627, 0.183892, 0.025050, 0.000000,
                 0.176575, 0.967893,-0.178897, 0.000000,
                -0.057143,-0.171366,-0.983549, 0.000000,
                -0.000000, 1.095722, 0.000000, 1.000000;;
              }
              Frame Armature_Front_Leg_Mid2_L {
                FrameTransformMatrix {
                  -0.995990,-0.086423,-0.023149, 0.000000,
                  -0.069837, 0.912697,-0.402624, 0.000000,
                   0.055924,-0.399393,-0.915073, 0.000000,
                  -0.000000, 0.513340, 0.000000, 1.000000;;
                }
                Frame Armature_Front_Leg_Mid3_L {
                  FrameTransformMatrix {
                     0.999997,-0.002375, 0.000308, 0.000000,
                     0.002373, 0.999982, 0.005570, 0.000000,
                    -0.000321,-0.005569, 0.999984, 0.000000,
                    -0.000000, 0.542215,-0.000000, 1.000000;;
                  }
                  Frame Armature_Front_Foot_L {
                    FrameTransformMatrix {
                       0.998485,-0.055030,-0.000000, 0.000000,
                       0.037786, 0.685610, 0.726988, 0.000000,
                      -0.040006,-0.725886, 0.686650, 0.000000,
                       0.000000, 0.565826,-0.000000, 1.000000;;
                    }
                  } // End of Armature_Front_Foot_L
                } // End of Armature_Front_Leg_Mid3_L
              } // End of Armature_Front_Leg_Mid2_L
            } // End of Armature_Front_Leg_Mid1_L
          } // End of Armature_Front_Leg_Upper_L
          Frame Armature_Front_Leg_Upper_R {
            FrameTransformMatrix {
              -0.950638,-0.003992,-0.310278, 0.000000,
              -0.310232,-0.009314, 0.950615, 0.000000,
              -0.006685, 0.999949, 0.007616, 0.000000,
              -0.000000, 0.728521, 0.000000, 1.000000;;
            }
            Frame Armature_Front_Leg_Mid1_R {
              FrameTransformMatrix {
                -0.983586,-0.177588,-0.031967, 0.000000,
                -0.169102, 0.969005,-0.180090, 0.000000,
                 0.062958,-0.171729,-0.983131, 0.000000,
                 0.000000, 1.093407, 0.000000, 1.000000;;
              }
              Frame Armature_Front_Leg_Mid2_R {
                FrameTransformMatrix {
                  -0.995990, 0.086423, 0.023148, 0.000000,
                   0.069838, 0.912697,-0.402624, 0.000000,
                  -0.055923,-0.399393,-0.915073, 0.000000,
                   0.000000, 0.513340,-0.000000, 1.000000;;
                }
                Frame Armature_Front_Leg_Mid3_R {
                  FrameTransformMatrix {
                     0.999997, 0.002375,-0.000307, 0.000000,
                    -0.002373, 0.999982, 0.005570, 0.000000,
                     0.000320,-0.005569, 0.999984, 0.000000,
                     0.000000, 0.542215,-0.000000, 1.000000;;
                  }
                  Frame Armature_Front_Foot_R {
                    FrameTransformMatrix {
                       0.998485, 0.055028, 0.000001, 0.000000,
                      -0.037786, 0.685610, 0.726988, 0.000000,
                       0.040004,-0.725886, 0.686650, 0.000000,
                      -0.000000, 0.565826, 0.000000, 1.000000;;
                    }
                  } // End of Armature_Front_Foot_R
                } // End of Armature_Front_Leg_Mid3_R
              } // End of Armature_Front_Leg_Mid2_R
            } // End of Armature_Front_Leg_Mid1_R
          } // End of Armature_Front_Leg_Upper_R
          Frame Armature_shoulder {
            FrameTransformMatrix {
              -1.000000,-0.000000, 0.000012, 0.000000,
               0.000005, 0.894066, 0.447935, 0.000000,
              -0.000011, 0.447935,-0.894066, 0.000000,
              -0.000000, 0.728521, 0.000000, 1.000000;;
            }
            Frame Armature_neck1 {
              FrameTransformMatrix {
                 1.000000, 0.000000, 0.000000, 0.000000,
                -0.000000, 0.522867, 0.852414, 0.000000,
                -0.000000,-0.852414, 0.522867, 0.000000,
                -0.000000, 0.717117,-0.000000, 1.000000;;
              }
              Frame Armature_neck2 {
                FrameTransformMatrix {
                   1.000000, 0.000000, 0.000000, 0.000000,
                  -0.000000, 0.924830, 0.380381, 0.000000,
                   0.000000,-0.380381, 0.924830, 0.000000,
                   0.000000, 0.372283,-0.000000, 1.000000;;
                }
                Frame Armature_head {
                  FrameTransformMatrix {
                     1.000000, 0.000000, 0.000000, 0.000000,
                     0.000000, 0.971794,-0.235830, 0.000000,
                    -0.000000, 0.235830, 0.971794, 0.000000,
                    -0.000000, 0.312850, 0.000000, 1.000000;;
                  }
                  Frame Armature_Lower_Jaw_1 {
                    FrameTransformMatrix {
                       1.000000,-0.000000, 0.000000, 0.000000,
                      -0.000000,-0.654191,-0.756330, 0.000000,
                       0.000000, 0.756330,-0.654191, 0.000000,
                       0.000000, 0.497954, 0.000000, 1.000000;;
                    }
                    Frame Armature_Lower_Jaw_2 {
                      FrameTransformMatrix {
                         1.000000, 0.000000, 0.000000, 0.000000,
                        -0.000000, 0.293476, 0.955966, 0.000000,
                         0.000000,-0.955966, 0.293476, 0.000000,
                         0.000000, 0.364526, 0.000000, 1.000000;;
                      }
                    } // End of Armature_Lower_Jaw_2
                  } // End of Armature_Lower_Jaw_1
                  Frame Armature_skulljoint1 {
                    FrameTransformMatrix {
                      -1.000000,-0.000000, 0.000000, 0.000000,
                       0.000000, 0.181259, 0.983436, 0.000000,
                      -0.000000, 0.983435,-0.181259, 0.000000,
                       0.000000, 0.497954, 0.000000, 1.000000;;
                    }
                    Frame Armature_Ear_L_1 {
                      FrameTransformMatrix {
                         0.249061,-0.571597, 0.781822, 0.000000,
                         0.968452, 0.153878,-0.196014, 0.000000,
                        -0.008264, 0.805977, 0.591889, 0.000000,
                         0.000000, 0.204189, 0.000000, 1.000000;;
                      }
                      Frame Armature_Ear_L_2 {
                        FrameTransformMatrix {
                           0.987224,-0.027026, 0.157032, 0.000000,
                          -0.066444, 0.825917, 0.559862, 0.000000,
                          -0.144826,-0.563143, 0.813569, 0.000000,
                           0.000000, 0.321290, 0.000000, 1.000000;;
                        }
                      } // End of Armature_Ear_L_2
                    } // End of Armature_Ear_L_1
                    Frame Armature_Ear_R_1 {
                      FrameTransformMatrix {
                         0.243771, 0.619810,-0.745930, 0.000000,
                        -0.969729, 0.144539,-0.196808, 0.000000,
                        -0.014167, 0.771326, 0.636283, 0.000000,
                         0.000000, 0.204189, 0.000000, 1.000000;;
                      }
                      Frame Armature_Ear_R_2 {
                        FrameTransformMatrix {
                          -0.615349,-0.389920, 0.685060, 0.000000,
                           0.104496, 0.821063, 0.561192, 0.000000,
                          -0.781297, 0.416916,-0.464495, 0.000000,
                           0.000000, 0.327371,-0.000000, 1.000000;;
                        }
                      } // End of Armature_Ear_R_2
                    } // End of Armature_Ear_R_1
                  } // End of Armature_skulljoint1
                  Frame Armature_upperjaw {
                    FrameTransformMatrix {
                       1.000000,-0.000000,-0.000000, 0.000000,
                      -0.000000, 0.368666,-0.929562, 0.000000,
                       0.000000, 0.929562, 0.368667, 0.000000,
                       0.000000, 0.497954, 0.000000, 1.000000;;
                    }
                  } // End of Armature_upperjaw
                } // End of Armature_head
              } // End of Armature_neck2
            } // End of Armature_neck1
          } // End of Armature_shoulder
        } // End of Armature_spine2
      } // End of Armature_spine1
      Frame Armature_tail1 {
        FrameTransformMatrix {
           1.000000,-0.000000,-0.000021, 0.000000,
          -0.000008, 0.928550,-0.371208, 0.000000,
           0.000019, 0.371208, 0.928550, 0.000000,
           0.000000, 0.694732,-0.000000, 1.000000;;
        }
        Frame Armature_tail2 {
          FrameTransformMatrix {
             1.000000, 0.000000, 0.000000, 0.000000,
            -0.000000, 0.154276,-0.988028, 0.000000,
            -0.000000, 0.988028, 0.154276, 0.000000,
             0.000000, 0.294601, 0.000000, 1.000000;;
          }
        } // End of Armature_tail2
      } // End of Armature_tail1
    } // End of Armature_pelvis
    Frame Cube_002 {
      FrameTransformMatrix {
         0.280361, 0.000000, 0.000000, 0.000000,
         0.000000,-0.000000, 0.280361, 0.000000,
         0.000000,-0.280361,-0.000000, 0.000000,
         0.000000,-0.906525,-2.463616, 1.000000;;
      }
      Mesh { // Cube_002 mesh
        1994;
        -0.680231; 6.768924;-4.443837;,
        -0.630586; 6.061736;-4.142489;,
        -1.084951; 6.117515;-4.156446;,
        -1.303560; 6.777774;-4.443329;,
         1.303560; 6.777774;-4.443329;,
         1.084951; 6.117515;-4.156446;,
         0.630586; 6.061736;-4.142489;,
         0.680231; 6.768924;-4.443837;,
        -0.630586; 6.061736;-4.142489;,
        -0.680231; 6.768924;-4.443837;,
         0.000000; 6.768924;-4.672677;,
         0.000000; 6.061736;-4.142489;,
         0.680231; 6.768924;-4.443837;,
         0.630586; 6.061736;-4.142489;,
         0.000000; 6.061736;-4.142489;,
         0.000000; 6.768924;-4.672677;,
        -0.705873; 7.443878;-4.765870;,
        -0.680231; 6.768924;-4.443837;,
        -1.303560; 6.777774;-4.443329;,
        -1.347662; 7.365402;-4.443525;,
         1.347662; 7.365402;-4.443525;,
         1.303560; 6.777774;-4.443329;,
         0.680231; 6.768924;-4.443837;,
         0.705873; 7.443878;-4.765870;,
        -0.680231; 6.768924;-4.443837;,
        -0.705873; 7.443878;-4.765870;,
         0.000000; 7.035942;-4.776136;,
         0.000000; 6.768924;-4.672677;,
         0.705873; 7.443878;-4.765870;,
         0.680231; 6.768924;-4.443837;,
         0.000000; 6.768924;-4.672677;,
         0.000000; 7.035942;-4.776136;,
        -0.679497; 8.822560;-4.690123;,
        -0.705873; 7.443878;-4.765870;,
        -1.347662; 7.365402;-4.443525;,
        -1.161138; 8.148029;-4.369434;,
         1.161138; 8.148029;-4.369434;,
         1.347662; 7.365402;-4.443525;,
         0.705873; 7.443878;-4.765870;,
         0.679497; 8.822560;-4.690123;,
        -0.694961; 9.493083;-4.176949;,
        -0.679497; 8.822560;-4.690123;,
        -1.161138; 8.148029;-4.369434;,
        -1.024489; 9.127389;-4.055842;,
         1.024489; 9.127389;-4.055842;,
         1.161138; 8.148029;-4.369434;,
         0.679497; 8.822560;-4.690123;,
         0.694961; 9.493083;-4.176949;,
         0.000000; 9.768373;-4.186275;,
         0.000000; 9.354433;-4.830144;,
        -0.679497; 8.822560;-4.690123;,
        -0.694961; 9.493083;-4.176949;,
         0.694961; 9.493083;-4.176949;,
         0.679497; 8.822560;-4.690123;,
         0.000000; 9.354433;-4.830144;,
         0.000000; 9.768373;-4.186275;,
        -0.630586; 6.188842;-0.664935;,
        -1.082579; 6.547558;-0.637105;,
        -1.218026; 6.435001;-1.653363;,
        -0.630586; 6.138852;-1.887250;,
         0.630586; 6.138852;-1.887250;,
         1.218026; 6.435001;-1.653363;,
         1.082579; 6.547558;-0.637105;,
         0.630586; 6.188842;-0.664935;,
         0.000000; 6.040237;-0.648278;,
        -0.630586; 6.188842;-0.664935;,
        -0.630586; 6.138852;-1.887250;,
         0.000000; 6.135414;-1.875301;,
         0.000000; 6.135414;-1.875301;,
         0.630586; 6.138852;-1.887250;,
         0.630586; 6.188842;-0.664935;,
         0.000000; 6.040237;-0.648278;,
        -0.671092; 9.727226;-0.757747;,
         0.000000; 9.890720;-0.757747;,
         0.000000; 9.915786;-1.551005;,
        -0.706491; 9.678443;-1.547146;,
         0.706491; 9.678443;-1.547146;,
         0.000000; 9.915786;-1.551005;,
         0.000000; 9.890720;-0.757747;,
         0.671092; 9.727226;-0.757747;,
        -1.183120; 9.490673;-0.709741;,
        -0.671092; 9.727226;-0.757747;,
        -0.706491; 9.678443;-1.547146;,
        -1.183606; 9.388816;-1.608108;,
         1.183606; 9.388816;-1.608108;,
         0.706491; 9.678443;-1.547146;,
         0.671092; 9.727226;-0.757747;,
         1.183120; 9.490673;-0.709741;,
        -1.339175; 8.624197;-0.725107;,
        -1.183120; 9.490673;-0.709741;,
        -1.183606; 9.388816;-1.608108;,
        -1.339175; 8.470253;-1.595171;,
         1.339175; 8.470253;-1.595171;,
         1.183606; 9.388816;-1.608108;,
         1.183120; 9.490673;-0.709741;,
         1.339175; 8.624197;-0.725107;,
        -1.478698; 7.476161;-0.648278;,
        -1.339175; 8.624197;-0.725107;,
        -1.339175; 8.470253;-1.595171;,
        -1.478698; 7.440419;-1.432477;,
         1.478698; 7.440419;-1.432477;,
         1.339175; 8.470253;-1.595171;,
         1.339175; 8.624197;-0.725107;,
         1.478698; 7.476161;-0.648278;,
        -1.337811; 6.805120;-0.638393;,
        -1.478698; 7.476161;-0.648278;,
        -1.478698; 7.440419;-1.432477;,
        -1.333100; 6.893676;-1.389470;,
         1.333100; 6.893676;-1.389470;,
         1.478698; 7.440419;-1.432477;,
         1.478698; 7.476161;-0.648278;,
         1.337811; 6.805120;-0.638393;,
        -1.082579; 6.547558;-0.637105;,
        -1.337811; 6.805120;-0.638393;,
        -1.333100; 6.893676;-1.389470;,
        -1.218026; 6.435001;-1.653363;,
         1.218026; 6.435001;-1.653363;,
         1.333100; 6.893676;-1.389470;,
         1.337811; 6.805120;-0.638393;,
         1.082579; 6.547558;-0.637105;,
        -0.630586; 5.658863; 0.827539;,
        -1.296349; 6.339668; 0.853403;,
        -1.082579; 6.547558;-0.637105;,
        -0.630586; 6.188842;-0.664935;,
         0.630586; 6.188842;-0.664935;,
         1.082579; 6.547558;-0.637105;,
         1.296349; 6.339668; 0.853403;,
         0.630586; 5.658863; 0.827539;,
         0.000000; 5.665435; 0.827539;,
        -0.630586; 5.658863; 0.827539;,
        -0.630586; 6.188842;-0.664935;,
         0.000000; 6.040237;-0.648278;,
         0.000000; 6.040237;-0.648278;,
         0.630586; 6.188842;-0.664935;,
         0.630586; 5.658863; 0.827539;,
         0.000000; 5.665435; 0.827539;,
        -0.754726; 9.834302; 0.745977;,
         0.000000; 9.972088; 0.718071;,
         0.000000; 9.890720;-0.757747;,
        -0.671092; 9.727226;-0.757747;,
         0.671092; 9.727226;-0.757747;,
         0.000000; 9.890720;-0.757747;,
         0.000000; 9.972088; 0.718071;,
         0.754726; 9.834302; 0.745977;,
        -1.235578; 9.532246; 0.730622;,
        -0.754726; 9.834302; 0.745977;,
        -0.671092; 9.727226;-0.757747;,
        -1.183120; 9.490673;-0.709741;,
         1.183120; 9.490673;-0.709741;,
         0.671092; 9.727226;-0.757747;,
         0.754726; 9.834302; 0.745977;,
         1.235578; 9.532246; 0.730622;,
        -1.612813; 8.714792; 0.827539;,
        -1.235578; 9.532246; 0.730622;,
        -1.183120; 9.490673;-0.709741;,
        -1.339175; 8.624197;-0.725107;,
         1.339175; 8.624197;-0.725107;,
         1.183120; 9.490673;-0.709741;,
         1.235578; 9.532246; 0.730622;,
         1.612813; 8.714792; 0.827539;,
        -1.752336; 7.510703; 0.827539;,
        -1.612813; 8.714792; 0.827539;,
        -1.339175; 8.624197;-0.725107;,
        -1.478698; 7.476161;-0.648278;,
         1.478698; 7.476161;-0.648278;,
         1.339175; 8.624197;-0.725107;,
         1.612813; 8.714792; 0.827539;,
         1.752336; 7.510703; 0.827539;,
        -1.610255; 6.578019; 0.789861;,
        -1.752336; 7.510703; 0.827539;,
        -1.478698; 7.476161;-0.648278;,
        -1.337811; 6.805120;-0.638393;,
         1.337811; 6.805120;-0.638393;,
         1.478698; 7.476161;-0.648278;,
         1.752336; 7.510703; 0.827539;,
         1.610255; 6.578019; 0.789861;,
        -1.296349; 6.339668; 0.853403;,
        -1.610255; 6.578019; 0.789861;,
        -1.337811; 6.805120;-0.638393;,
        -1.082579; 6.547558;-0.637105;,
         1.082579; 6.547558;-0.637105;,
         1.337811; 6.805120;-0.638393;,
         1.610255; 6.578019; 0.789861;,
         1.296349; 6.339668; 0.853403;,
        -0.822132; 5.622892; 1.330890;,
        -1.797968; 5.692729; 1.330890;,
        -1.296349; 6.339668; 0.853403;,
        -0.630586; 5.658863; 0.827539;,
         0.630586; 5.658863; 0.827539;,
         1.296349; 6.339668; 0.853403;,
         1.797968; 5.692729; 1.330890;,
         0.822132; 5.622892; 1.330890;,
         0.000000; 5.750322; 1.703707;,
        -0.822132; 5.622892; 1.330890;,
        -0.630586; 5.658863; 0.827539;,
         0.000000; 5.665435; 0.827539;,
         0.000000; 5.665435; 0.827539;,
         0.630586; 5.658863; 0.827539;,
         0.822132; 5.622892; 1.330890;,
         0.000000; 5.750322; 1.703707;,
        -0.819800;10.124844; 1.703725;,
         0.000000;10.242308; 1.703707;,
         0.000000; 9.972088; 0.718071;,
        -0.754726; 9.834302; 0.745977;,
         0.754726; 9.834302; 0.745977;,
         0.000000; 9.972088; 0.718071;,
         0.000000;10.242308; 1.703707;,
         0.819800;10.124844; 1.703725;,
        -1.298681; 9.587196; 1.684466;,
        -0.819800;10.124844; 1.703725;,
        -0.754726; 9.834302; 0.745977;,
        -1.235578; 9.532246; 0.730622;,
         1.235578; 9.532246; 0.730622;,
         0.754726; 9.834302; 0.745977;,
         0.819800;10.124844; 1.703725;,
         1.298681; 9.587196; 1.684466;,
        -1.612813; 8.594498; 1.670393;,
        -1.298681; 9.587196; 1.684466;,
        -1.235578; 9.532246; 0.730622;,
        -1.612813; 8.714792; 0.827539;,
         1.612813; 8.714792; 0.827539;,
         1.235578; 9.532246; 0.730622;,
         1.298681; 9.587196; 1.684466;,
         1.612813; 8.594498; 1.670393;,
        -1.859731; 7.560674; 1.570451;,
        -1.612813; 8.594498; 1.670393;,
        -1.612813; 8.714792; 0.827539;,
        -1.752336; 7.510703; 0.827539;,
         1.752336; 7.510703; 0.827539;,
         1.612813; 8.714792; 0.827539;,
         1.612813; 8.594498; 1.670393;,
         1.859731; 7.560674; 1.570451;,
        -1.788577; 6.634535; 1.487167;,
        -1.859731; 7.560674; 1.570451;,
        -1.752336; 7.510703; 0.827539;,
        -1.610255; 6.578019; 0.789861;,
         1.610255; 6.578019; 0.789861;,
         1.752336; 7.510703; 0.827539;,
         1.859731; 7.560674; 1.570451;,
         1.788577; 6.634535; 1.487167;,
        -1.797968; 5.692729; 1.330890;,
        -1.788577; 6.634535; 1.487167;,
        -1.610255; 6.578019; 0.789861;,
        -1.296349; 6.339668; 0.853403;,
         1.296349; 6.339668; 0.853403;,
         1.610255; 6.578019; 0.789861;,
         1.788577; 6.634535; 1.487167;,
         1.797968; 5.692729; 1.330890;,
        -1.797968; 5.601375; 2.663776;,
        -0.648942; 5.542992; 2.830240;,
        -0.703635; 5.956460; 3.085912;,
        -1.769074; 6.674627; 3.050939;,
         1.769074; 6.674627; 3.050939;,
         0.703635; 5.956460; 3.085912;,
         0.648942; 5.542992; 2.830240;,
         1.797968; 5.601375; 2.663776;,
         0.000000; 5.750322; 2.579875;,
         0.000000; 6.040138; 3.211758;,
        -0.703635; 5.956460; 3.085912;,
        -0.648942; 5.542992; 2.830240;,
         0.648942; 5.542992; 2.830240;,
         0.703635; 5.956460; 3.085912;,
         0.000000; 6.040138; 3.211758;,
         0.000000; 5.750322; 2.579875;,
        -0.758279; 7.766124; 4.734596;,
        -1.113074; 8.258387; 4.598374;,
        -1.406421; 7.658036; 3.684957;,
        -1.080927; 6.848453; 3.888219;,
         1.080927; 6.848453; 3.888219;,
         1.406421; 7.658036; 3.684957;,
         1.113074; 8.258387; 4.598374;,
         0.758279; 7.766124; 4.734596;,
        -1.113074; 8.258387; 4.598374;,
        -1.094992; 8.763517; 4.335938;,
        -1.358198; 8.616687; 3.565798;,
        -1.406421; 7.658036; 3.684957;,
         1.406421; 7.658036; 3.684957;,
         1.358198; 8.616687; 3.565798;,
         1.094992; 8.763517; 4.335938;,
         1.113074; 8.258387; 4.598374;,
         0.000000;10.303594; 9.103316;,
         0.000000;10.400716; 9.166839;,
        -0.449244;10.443099; 9.137061;,
        -0.482598;10.327245; 9.048306;,
         0.482598;10.327245; 9.048306;,
         0.449244;10.443099; 9.137061;,
         0.000000;10.400716; 9.166839;,
         0.000000;10.303594; 9.103316;,
        -0.541430; 9.633475; 4.063547;,
        -0.873319; 9.960654; 3.330254;,
        -1.146045; 9.468266; 3.456355;,
        -1.063693; 9.382762; 4.203685;,
         1.063693; 9.382762; 4.203685;,
         1.146045; 9.468266; 3.456355;,
         0.873319; 9.960654; 3.330254;,
         0.541430; 9.633475; 4.063547;,
         0.000000; 9.878487; 3.863427;,
         0.000000;10.101504; 3.219538;,
        -0.873319; 9.960654; 3.330254;,
        -0.541430; 9.633475; 4.063547;,
         0.541430; 9.633475; 4.063547;,
         0.873319; 9.960654; 3.330254;,
         0.000000;10.101504; 3.219538;,
         0.000000; 9.878487; 3.863427;,
        -1.397888;-0.234544; 3.554896;,
        -2.252128;-0.234544; 3.554896;,
        -2.156453; 0.049823; 3.001463;,
        -1.503386; 0.049823; 3.001463;,
         1.503386; 0.049823; 3.001463;,
         2.156453; 0.049823; 3.001463;,
         2.252128;-0.234544; 3.554896;,
         1.397888;-0.234544; 3.554896;,
         0.000000; 5.750322; 2.579875;,
        -0.648942; 5.542992; 2.830240;,
        -0.822132; 5.622892; 1.330890;,
         0.000000; 5.750322; 1.703707;,
         0.000000; 5.750322; 1.703707;,
         0.822132; 5.622892; 1.330890;,
         0.648942; 5.542992; 2.830240;,
         0.000000; 5.750322; 2.579875;,
        -0.876168;10.004408; 2.707449;,
         0.000000;10.224372; 2.579875;,
         0.000000;10.242308; 1.703707;,
        -0.819800;10.124844; 1.703725;,
         0.819800;10.124844; 1.703725;,
         0.000000;10.242308; 1.703707;,
         0.000000;10.224372; 2.579875;,
         0.876168;10.004408; 2.707449;,
        -1.289098; 9.635790; 2.775686;,
        -0.876168;10.004408; 2.707449;,
        -0.819800;10.124844; 1.703725;,
        -1.298681; 9.587196; 1.684466;,
         1.298681; 9.587196; 1.684466;,
         0.819800;10.124844; 1.703725;,
         0.876168;10.004408; 2.707449;,
         1.289098; 9.635790; 2.775686;,
        -1.711118; 8.660974; 2.780062;,
        -1.289098; 9.635790; 2.775686;,
        -1.298681; 9.587196; 1.684466;,
        -1.612813; 8.594498; 1.670393;,
         1.612813; 8.594498; 1.670393;,
         1.298681; 9.587196; 1.684466;,
         1.289098; 9.635790; 2.775686;,
         1.711118; 8.660974; 2.780062;,
        -1.762833; 7.573934; 2.839070;,
        -1.711118; 8.660974; 2.780062;,
        -1.612813; 8.594498; 1.670393;,
        -1.859731; 7.560674; 1.570451;,
         1.859731; 7.560674; 1.570451;,
         1.612813; 8.594498; 1.670393;,
         1.711118; 8.660974; 2.780062;,
         1.762833; 7.573934; 2.839070;,
        -1.769074; 6.674627; 3.050939;,
        -1.762833; 7.573934; 2.839070;,
        -1.859731; 7.560674; 1.570451;,
        -1.788577; 6.634535; 1.487167;,
         1.788577; 6.634535; 1.487167;,
         1.859731; 7.560674; 1.570451;,
         1.762833; 7.573934; 2.839070;,
         1.769074; 6.674627; 3.050939;,
        -1.797968; 5.601375; 2.663776;,
        -1.769074; 6.674627; 3.050939;,
        -1.788577; 6.634535; 1.487167;,
        -1.797968; 5.692729; 1.330890;,
         1.797968; 5.692729; 1.330890;,
         1.788577; 6.634535; 1.487167;,
         1.769074; 6.674627; 3.050939;,
         1.797968; 5.601375; 2.663776;,
        -0.609332;-0.198188;-4.249083;,
        -1.203954;-0.198188;-4.366188;,
        -1.082624; 0.009878;-4.540016;,
        -0.488001; 0.009878;-3.884230;,
         0.488001; 0.009878;-3.884230;,
         1.082624; 0.009878;-4.540016;,
         1.203954;-0.198188;-4.366188;,
         0.609332;-0.198188;-4.249083;,
        -1.353471; 5.758368;-2.043962;,
        -1.607545; 6.481527;-2.104994;,
        -1.614096; 6.564812;-3.975226;,
        -1.351510; 5.814145;-3.844609;,
         1.351510; 5.814145;-3.844609;,
         1.614096; 6.564812;-3.975226;,
         1.607545; 6.481527;-2.104994;,
         1.353471; 5.758368;-2.043962;,
         0.000000; 5.962165;-2.631135;,
        -0.490827; 5.663252;-2.543227;,
        -0.490827; 5.663252;-3.914315;,
         0.000000; 5.828910;-3.629485;,
         0.000000; 5.828910;-3.629485;,
         0.490827; 5.663252;-3.914315;,
         0.490827; 5.663252;-2.543227;,
         0.000000; 5.962165;-2.631135;,
        -1.607545; 6.481527;-2.104994;,
        -1.752336; 7.371362;-2.100076;,
        -1.752336; 7.309884;-4.015475;,
        -1.614096; 6.564812;-3.975226;,
         1.614096; 6.564812;-3.975226;,
         1.752336; 7.309884;-4.015475;,
         1.752336; 7.371362;-2.100076;,
         1.607545; 6.481527;-2.104994;,
        -1.752336; 7.371362;-2.100076;,
        -1.612813; 8.272590;-2.178270;,
        -1.612813; 8.124905;-3.991883;,
        -1.752336; 7.309884;-4.015475;,
         1.752336; 7.309884;-4.015475;,
         1.612813; 8.124905;-3.991883;,
         1.612813; 8.272590;-2.178270;,
         1.752336; 7.371362;-2.100076;,
        -1.612813; 8.272590;-2.178270;,
        -1.140756; 9.427507;-2.430789;,
        -1.111200; 9.361993;-3.679457;,
        -1.612813; 8.124905;-3.991883;,
         1.612813; 8.124905;-3.991883;,
         1.111200; 9.361993;-3.679457;,
         1.140756; 9.427507;-2.430789;,
         1.612813; 8.272590;-2.178270;,
        -1.140756; 9.427507;-2.430789;,
        -0.706491; 9.828608;-2.599723;,
        -0.700082; 9.730103;-3.674662;,
        -1.111200; 9.361993;-3.679457;,
         1.111200; 9.361993;-3.679457;,
         0.700082; 9.730103;-3.674662;,
         0.706491; 9.828608;-2.599723;,
         1.140756; 9.427507;-2.430789;,
        -0.706491; 9.828608;-2.599723;,
         0.000000;10.040277;-2.903468;,
         0.000000; 9.996170;-3.674662;,
        -0.700082; 9.730103;-3.674662;,
         0.700082; 9.730103;-3.674662;,
         0.000000; 9.996170;-3.674662;,
         0.000000;10.040277;-2.903468;,
         0.706491; 9.828608;-2.599723;,
        -1.113074; 8.258387; 4.598374;,
        -0.758279; 7.766124; 4.734596;,
        -0.456396; 9.010863; 5.739533;,
        -0.827583; 9.184574; 5.436712;,
         0.980206;10.619557; 6.745638;,
         0.924056;10.334083; 6.781176;,
         0.535730; 9.867929; 6.208238;,
         0.732761;10.070497; 6.083711;,
        -0.758279; 7.766124; 4.734596;,
         0.000000; 7.341365; 4.778386;,
         0.000000; 9.018016; 5.862716;,
        -0.456396; 9.010863; 5.739533;,
         0.924056;10.334083; 6.781176;,
         0.000000;10.022872; 6.558275;,
         0.000000; 9.759490; 6.246970;,
         0.535730; 9.867929; 6.208238;,
         0.000000; 9.878487; 3.863427;,
        -0.541430; 9.633475; 4.063547;,
        -0.464867; 9.941108; 4.514230;,
         0.000000;10.027762; 4.366346;,
         0.000000;12.197299; 5.739293;,
         0.580407;12.016895; 5.763172;,
         0.428497;10.804933; 5.249925;,
         0.000000;10.918849; 5.097847;,
        -0.541430; 9.633475; 4.063547;,
        -1.063693; 9.382762; 4.203685;,
        -0.747907; 9.684086; 4.767768;,
        -0.464867; 9.941108; 4.514230;,
         0.580407;12.016895; 5.763172;,
         1.052013;11.772182; 6.149250;,
         0.632542;10.639901; 5.439425;,
         0.428497;10.804933; 5.249925;,
        -0.490827; 5.663252;-3.914315;,
        -1.351510; 5.814145;-3.844609;,
        -1.084951; 6.117515;-4.156446;,
        -0.630586; 6.061736;-4.142489;,
         0.630586; 6.061736;-4.142489;,
         1.084951; 6.117515;-4.156446;,
         1.351510; 5.814145;-3.844609;,
         0.490827; 5.663252;-3.914315;,
        -1.351510; 5.814145;-3.844609;,
        -1.614096; 6.564812;-3.975226;,
        -1.303560; 6.777774;-4.443329;,
        -1.084951; 6.117515;-4.156446;,
         1.303560; 6.777774;-4.443329;,
         1.614096; 6.564812;-3.975226;,
         1.351510; 5.814145;-3.844609;,
         1.084951; 6.117515;-4.156446;,
         0.000000; 5.828910;-3.629485;,
        -0.490827; 5.663252;-3.914315;,
        -0.630586; 6.061736;-4.142489;,
         0.000000; 6.061736;-4.142489;,
         0.000000; 6.061736;-4.142489;,
         0.630586; 6.061736;-4.142489;,
         0.490827; 5.663252;-3.914315;,
         0.000000; 5.828910;-3.629485;,
        -1.614096; 6.564812;-3.975226;,
        -1.752336; 7.309884;-4.015475;,
        -1.347662; 7.365402;-4.443525;,
        -1.303560; 6.777774;-4.443329;,
         1.303560; 6.777774;-4.443329;,
         1.347662; 7.365402;-4.443525;,
         1.752336; 7.309884;-4.015475;,
         1.614096; 6.564812;-3.975226;,
        -1.752336; 7.309884;-4.015475;,
        -1.612813; 8.124905;-3.991883;,
        -1.161138; 8.148029;-4.369434;,
        -1.347662; 7.365402;-4.443525;,
         1.347662; 7.365402;-4.443525;,
         1.161138; 8.148029;-4.369434;,
         1.612813; 8.124905;-3.991883;,
         1.752336; 7.309884;-4.015475;,
        -1.612813; 8.124905;-3.991883;,
        -1.111200; 9.361993;-3.679457;,
        -1.024489; 9.127389;-4.055842;,
        -1.161138; 8.148029;-4.369434;,
         1.161138; 8.148029;-4.369434;,
         1.024489; 9.127389;-4.055842;,
         1.111200; 9.361993;-3.679457;,
         1.612813; 8.124905;-3.991883;,
        -1.111200; 9.361993;-3.679457;,
        -0.700082; 9.730103;-3.674662;,
        -0.694961; 9.493083;-4.176949;,
        -1.024489; 9.127389;-4.055842;,
         1.024489; 9.127389;-4.055842;,
         0.694961; 9.493083;-4.176949;,
         0.700082; 9.730103;-3.674662;,
         1.111200; 9.361993;-3.679457;,
        -0.700082; 9.730103;-3.674662;,
         0.000000; 9.996170;-3.674662;,
         0.000000; 9.768373;-4.186275;,
        -0.694961; 9.493083;-4.176949;,
         0.694961; 9.493083;-4.176949;,
         0.000000; 9.768373;-4.186275;,
         0.000000; 9.996170;-3.674662;,
         0.700082; 9.730103;-3.674662;,
        -0.490827; 5.663252;-2.543227;,
        -1.353471; 5.758368;-2.043962;,
        -1.222896; 4.750751;-2.315041;,
        -0.547819; 4.590155;-2.375205;,
         0.554161; 3.496891;-3.395983;,
         1.142971; 3.663784;-3.434610;,
         1.222896; 4.750751;-2.315041;,
         0.547819; 4.590155;-2.375205;,
        -1.353471; 5.758368;-2.043962;,
        -1.351510; 5.814145;-3.844609;,
        -1.221916; 4.821497;-3.781407;,
        -1.222896; 4.750751;-2.315041;,
         1.142971; 3.663784;-3.434610;,
         1.142971; 4.264477;-3.821731;,
         1.221916; 4.821497;-3.781407;,
         1.222896; 4.750751;-2.315041;,
        -1.351510; 5.814145;-3.844609;,
        -0.490827; 5.663252;-3.914315;,
        -0.446520; 4.723826;-3.905037;,
        -1.221916; 4.821497;-3.781407;,
         1.142971; 4.264477;-3.821731;,
         0.452862; 4.308805;-3.954896;,
         0.446520; 4.723826;-3.905037;,
         1.221916; 4.821497;-3.781407;,
        -0.490827; 5.663252;-3.914315;,
        -0.490827; 5.663252;-2.543227;,
        -0.547819; 4.590155;-2.375205;,
        -0.446520; 4.723826;-3.905037;,
         0.452862; 4.308805;-3.954896;,
         0.554161; 3.496891;-3.395983;,
         0.547819; 4.590155;-2.375205;,
         0.446520; 4.723826;-3.905037;,
        -0.758279; 7.766124; 4.734596;,
        -1.080927; 6.848453; 3.888219;,
        -0.351817; 6.409483; 3.658107;,
         0.000000; 7.341365; 4.778386;,
         0.000000; 7.341365; 4.778386;,
         0.351817; 6.409483; 3.658107;,
         1.080927; 6.848453; 3.888219;,
         0.758279; 7.766124; 4.734596;,
         0.000000; 6.040138; 3.211758;,
         0.000000; 6.303360; 3.780215;,
        -0.351817; 6.409483; 3.658107;,
        -0.703635; 5.956460; 3.085912;,
         0.703635; 5.956460; 3.085912;,
         0.351817; 6.409483; 3.658107;,
         0.000000; 6.303360; 3.780215;,
         0.000000; 6.040138; 3.211758;,
        -1.406421; 7.658036; 3.684957;,
        -1.762833; 7.573934; 2.839070;,
        -1.769074; 6.674627; 3.050939;,
        -1.080927; 6.848453; 3.888219;,
         1.080927; 6.848453; 3.888219;,
         1.769074; 6.674627; 3.050939;,
         1.762833; 7.573934; 2.839070;,
         1.406421; 7.658036; 3.684957;,
        -1.711118; 8.660974; 2.780062;,
        -1.358198; 8.616687; 3.565798;,
        -1.146045; 9.468266; 3.456355;,
        -1.289098; 9.635790; 2.775686;,
         1.289098; 9.635790; 2.775686;,
         1.146045; 9.468266; 3.456355;,
         1.358198; 8.616687; 3.565798;,
         1.711118; 8.660974; 2.780062;,
        -0.873319; 9.960654; 3.330254;,
        -0.876168;10.004408; 2.707449;,
        -1.289098; 9.635790; 2.775686;,
        -1.146045; 9.468266; 3.456355;,
         1.146045; 9.468266; 3.456355;,
         1.289098; 9.635790; 2.775686;,
         0.876168;10.004408; 2.707449;,
         0.873319; 9.960654; 3.330254;,
         0.000000;10.101504; 3.219538;,
         0.000000;10.224372; 2.579875;,
        -0.876168;10.004408; 2.707449;,
        -0.873319; 9.960654; 3.330254;,
         0.873319; 9.960654; 3.330254;,
         0.876168;10.004408; 2.707449;,
         0.000000;10.224372; 2.579875;,
         0.000000;10.101504; 3.219538;,
        -1.063693; 9.382762; 4.203685;,
        -1.094992; 8.763517; 4.335938;,
        -0.788331; 9.523081; 5.048423;,
        -0.747907; 9.684086; 4.767768;,
         1.052013;11.772182; 6.149250;,
         1.076073;11.132226; 6.390937;,
         0.683491;10.432823; 5.711993;,
         0.632542;10.639901; 5.439425;,
        -0.648942; 5.542992; 2.830240;,
        -1.797968; 5.601375; 2.663776;,
        -1.684695; 4.005316; 2.245507;,
        -1.010025; 3.976124; 2.399348;,
         1.195138; 2.317902; 2.859166;,
         1.778827; 2.317902; 2.717947;,
         1.684695; 4.005316; 2.245507;,
         1.010025; 3.976124; 2.399348;,
        -1.797968; 5.601375; 2.663776;,
        -1.797968; 5.692729; 1.330890;,
        -1.796374; 4.028154; 1.404381;,
        -1.684695; 4.005316; 2.245507;,
         1.778827; 2.317902; 2.717947;,
         1.890506; 2.306483; 2.277227;,
         1.796374; 4.028154; 1.404381;,
         1.684695; 4.005316; 2.245507;,
        -1.797968; 5.692729; 1.330890;,
        -0.822132; 5.622892; 1.330890;,
        -1.047869; 3.993236; 1.404381;,
        -1.796374; 4.028154; 1.404381;,
         1.890506; 2.306483; 2.277227;,
         1.146387; 2.317902; 2.174453;,
         1.047869; 3.993236; 1.404381;,
         1.796374; 4.028154; 1.404381;,
        -0.822132; 5.622892; 1.330890;,
        -0.648942; 5.542992; 2.830240;,
